0.2106817537
0.5550621045
0.3242801345
0.4836159841
0.0823283169
0.0377100519
0.3496127666
0.7490160994
0.2212355508
0.7120792015
0.5774832725
0.3921700927
0.4900063379
0.0971928298
0.2808754722
0.0840613507
0.2638264747
0.3087832185
0.3565743228
0.0037161017
0.9438844633
0.2537228219
0.4828658055
0.1730294992
0.2101217098
0.3100728319
0.1731467871
0.1458800388
0.1839068240
0.1611753385
0.0104029608
0.4154372492
0.2277366308
0.4642409737
0.7430189566
0.2948964619
0.2902865386
0.6700844846
0.2969207056
0.3865390807
0.2320275757
0.0137789523
0.1515407022
0.4283134338
0.2910777340
0.4729437376
0.8135317102
0.0300552281
0.3544794674
0.3169723791
0.3152416187
0.4090087549
0.0594381205
0.2519953031
0.3083088538
0.7591496793
0.4200131278
0.1739608729
0.4804084321
0.6151101126
0.4695098452
0.5526709792
0.5559579569
0.4236830077
0.5724180774
0.3642861164
0.5227658994
0.1736479087
0.7222819390
0.1773080532
0.2931695901
0.1029482798
0.4401378978
0.3465787833
0.3908659904
0.2281631282
0.5855547047
0.8731968493
0.2942355625
-0.0290764269
0.5427056995
0.3247290039
0.5194281837
0.2280486559
0.6585387509
0.2284683661
0.3473803734
0.5123645773
0.1572073489
0.8921049882
0.0661071916
0.6072886621
0.5351723301
0.2954484749
0.2501457569
0.5161567849
0.1824472449
0.5844708098
0.6075882010
0.2224806114
0.5552750157
0.3195004130
0.1246205495
0.1692842307
0.2959599162
0.3801645122
0.2714133809
0.0796808587
0.3330154076
0.2464522076
0.2729904064
0.3708968072
0.5877413804
0.5322718562
0.2437105524
0.6297764628
0.5915104962
0.1870814017
0.8186499740
0.3127033327
-0.0411011114
0.3088234011
0.0730844767
0.3413745511
0.5432328465
0.6620650766
0.3301099284
0.1942758686
0.1142943477
0.1900111496
0.4602566373
0.3225332257
0.6442660669
0.5827593470
0.1310525730
0.0437202492
0.5327141047
0.4541102738
0.4467200117
0.4116969967
0.3738849061
0.2445393717
0.6931875797
0.4935826429
0.3036939668
0.3384099602
0.0381559155
0.1072210010
0.2234550070
0.4379190282
0.5681133266
0.8055039342
0.4824463263
0.6830254690
0.9259770067
0.3248276119
0.1998716695
0.2536097679
0.5220436657
0.0991568914
0.4916702042
0.3727250268
0.4747251007
0.1373786083
0.2537308137
0.4554211425
0.6575445143
0.0779719416
0.5448753235
0.3007981201
0.0299465894
0.2698049141
0.7880679431
0.1448126351
0.9911403832
0.8464167822
0.7778246616
0.4646326323
0.1124866568
0.4119529167
0.5017814790
0.9832753448
0.3359479619
0.0123676706
0.2139387281
0.2553222226
0.0468976825
0.4913097008
0.3899726737
0.0610703850
0.3269411157
0.5632628581
0.3293223959
0.0982014459
0.4362982743
0.1458527060
0.3873386330
0.9368715877
0.3325024310
0.3419626078
0.2446728692
0.4220463169
0.1688163156
0.1685365555
0.3291993110
0.3694981896
0.1709714224
0.2862628867
0.4932289093
0.2518600293
0.5265962963
0.2898388734
0.2413287404
0.4938281596
0.4773900394
0.0621342055
0.1493625972
0.5701679915
0.5621169431
0.2237054527
0.7168184167
0.9147305538
0.1691931483
0.1056131359
0.5025892601
0.5633508683
0.1992529902
0.8450760790
0.3830450806
0.2607713219
0.6037004906
0.1624539930
0.4717014412
0.6383187791
0.5722711076
0.3366138919
0.5191582688
0.8242402615
-0.0019017624
0.3263667642
0.0508904458
0.0298386112
0.5614326775
0.7841766619
0.4790780606
0.8256489266
0.2423462946
0.5657852026
0.4550161527
0.6190508995
0.6199838135
0.4737131219
0.3257033970
0.4694691721
0.3399943312
0.7974659947
0.4786815029
0.3550040848
0.1873050436
0.4194325794
0.5619815212
0.4719751991
0.0313129998
0.4682214004
0.0818045212
0.5554447646
0.7403355667
0.0330231332
0.2522087586
0.4392058787
0.1956423020
0.2039739036
0.0548161173
0.0385541290
0.6847206413
0.1297886147
0.3066517495
0.2979264365
0.0469072116
0.2323026362
0.1857107577
0.2476634587
0.7250073658
0.1543119380
0.7280580165
0.3320054153
0.2571435062
0.2329124575
0.6335064331
0.2772357421
0.4908157092
0.2106005253
0.5197902697
0.2633525179
0.5828099141
0.1424594687
0.5321816371
0.1405771063
0.0288467544
0.3304371965
0.2168233346
0.2520722050
0.5897995207
0.3706169467
0.3610572292
0.1075068196
0.5811813607
0.7923081672
0.2999842144
0.1297875180
0.4702290325
0.5908325085
0.2021759563
0.2755630297
-0.0206280026
0.5037456314
0.4777444440
0.4506752753
0.2563708356
0.6532022646
0.4848881216
0.3052461222
0.4227613294
0.4425888256
0.6860861347
0.3358575842
0.0413574310
0.1824472449
0.5942408604
0.8692679923
0.2122639873
0.5177402827
0.2757651915
0.2604322895
0.0125169736
0.0096499249
0.2382457358
0.5907702845
0.6423036571
0.4828015244
0.4983171112
0.5548868964
0.2434145717
0.9698822084
0.2616003795
0.6081148110
0.0842959858
0.2954991221
0.1593348706
0.7373566230
0.0886698202
0.3061236152
0.2485892382
0.5556369749
0.3271758272
0.3399632039
0.4247866624
0.8002623368
0.2364363266
0.4174059269
0.5025080846
0.6642802008
0.3360255389
0.4955308892
0.2289574848
0.6073509762
0.6644230190
0.3897817269
0.2063966939
0.5141898755
0.2084438775
0.3413803164
0.2415816598
0.3661370691
0.3397564249
0.5710247825
0.0053800613
0.9538076704
0.0232550511
0.5030917335
0.1779350863
0.3623381497
1.0226636364
0.4075481017
0.5188479760
0.7549757544
0.3211041294
0.3363910722
0.6872983183
-0.0127611139
0.8226089867
0.4282677893
0.5802362942
0.4618028748
0.6870971987
0.4525200461
0.2059004037
0.0627953064
0.2355981733
0.1673019896
0.3174034899
0.0709183372
0.0808235014
0.3085946482
0.4578648080
0.1316624722
0.7033620774
0.2273177761
0.7369752290
0.2457095025
0.5216804969
0.5469079492
0.1808094584
0.0651836536
0.1177625998
0.7373751768
0.5499440956
0.3295624214
0.6544200930
0.2131623877
0.6689451580
0.5646707586
0.5906029891
0.1804808360
0.3348626676
0.6772395765
0.1645493453
0.3387156030
0.0634342646
0.0267610804
0.3354488836
0.2501105103
0.1461635213
0.2995734829
0.1503495254
0.6186317045
0.3239381720
0.0201680243
0.3827777276
0.5907930241
0.0616142753
0.2425301857
0.6613321755
0.3733717963
0.2714575781
0.3007119315
0.3666228474
0.4691090171
0.3774250173
0.3914770661
0.5094834500
0.3504401668
0.3325471404
0.0656346018
0.2527059103
0.4204533496
0.4114268867
0.7458357140
0.4202868395
0.0574392070
0.0290082448
0.4006237507
0.3507252443
0.5416125818
0.3874310589
0.4690711565
0.0464849899
0.0373029834
0.5059669220
0.8695326713
0.0873578720
0.5966480779
0.3982026985
0.4681534296
0.2314688983
0.3730560225
0.2822232531
0.5141509401
0.3852357694
0.4039700932
0.6376765928
0.7735218368
0.1877699925
0.4734376253
0.5725559932
0.5700340668
0.5521214182
0.3047651249
0.5937289125
0.1130656149
0.0050097065
0.3939540105
0.8890688710
0.5226004910
-0.0117371613
0.0575662481
0.7098995875
0.2822275177
0.8450675073
0.8995597515
0.5685162552
0.2364672702
0.0689880169
0.3590406285
0.0812566727
0.1870917501
0.0031280050
0.1538761579
0.4081274055
0.4056170787
0.3344513367
0.2786493932
0.1483559902
0.4881408674
0.7743197983
0.2554076199
0.1736479087
0.4683325958
0.3706136208
0.3879679626
0.8103747344
0.3880328141
0.4703511854
0.5032716539
0.1583622844
0.8092860727
0.1919679680
0.2021854122
0.4216223169
0.4255349848
0.2922824480
0.3546624152
0.5363840188
0.4516717552
0.2277898940
0.4029912494
0.7755113319
0.5904452035
0.4033544990
0.1507002868
-0.0093502571
0.3222283436
0.4543226256
0.2362527956
0.3412531692
0.3108708312
0.2474456832
0.6344414881
0.1017827413
0.4322684200
0.3773405887
0.8018664175
0.3422745309
0.5622234353
0.1595708048
0.4601242095
0.0792098488
0.5665380350
0.4858486421
0.2108684919
0.6105153933
0.5166490325
0.5836874426
0.2145801442
0.1127333324
0.3826222101
0.3450619729
0.8395192674
0.6561917109
0.0343925580
0.5077805788
0.4884364418
0.2559133605
0.3054432036
0.0907072200
0.6348189924
0.9016642682
0.5062450277
0.1721808602
0.3410514078
0.0133817197
0.3475161046
0.4537657952
0.4845850095
0.6827119007
0.5443832829
0.6336650891
0.1692216023
0.1672744825
0.3822865247
0.5416670604
-0.0001591924
0.6062791005
0.2106005253
0.5305308291
0.2105318008
0.3868243086
-0.0167546779
0.2931159798
0.1099896599
0.0976233727
0.7432733254
0.1624868336
0.3309397947
0.3885929724
0.3877575657
0.2716466369
0.2374568315
0.2859075751
0.7246807661
0.8129708049
0.4878522860
0.3998646960
0.5901554009
0.7670027577
0.4606594981
0.3374481384
0.9638635257
0.4090350561
0.3628926030
0.3880597879
0.5236063965
0.4550015527
0.5070187948
0.3497979959
0.2636603072
0.1739406036
0.8950998877
0.5671913746
0.5910931059
0.3701000844
0.7522332463
0.2303478619
0.2098457905
0.3359677833
0.8454009608
0.4808529246
0.7005388954
0.4466812297
0.4369556970
0.0549796382
0.5567196861
0.6996759713
0.0896858621
0.3770729574
0.3611728956
0.7169999308
0.5120181799
0.5000394639
0.5662772323
0.5579560611
0.9177656175
0.2490399903
0.3336708109
0.1441502908
0.1570984843
0.4958849010
0.4451790530
0.6967497225
0.5511591584
0.1197158629
0.3440804799
0.1785312370
0.4109574975
0.3974951967
0.1065268137
0.3119630100
0.6053357737
0.5972111841
0.4542901942
0.6919461537
0.7381449515
0.6705807777
0.2417627943
0.6745156670
0.4614384874
0.0987670731
0.3078123748
0.0223813967
0.5788841360
0.3052715212
0.3665155096
0.4035252864
0.3217110926
0.1208378674
0.3884743641
0.7532383620
0.0038925052
0.4965222972
0.8465308351
0.1738648698
0.1714612231
0.0568237973
0.6046453076
0.7780494346
0.4133706817
0.4789520236
0.0326690803
0.5997366538
0.6955344486
0.3152467115
0.3332031957
0.0580122472
0.2270215757
0.4563068801
0.2575724505
0.3603718799
0.8835876697
0.4235484521
0.0794172482
0.4860971304
0.2824722035
0.4306096666
0.1668974695
0.7243108915
0.2032402602
0.2240268972
0.5936559634
0.2487327801
0.2094450945
0.2663492710
0.0185204687
0.4979463940
0.0203384862
0.5404943546
0.0385029979
0.4706530226
0.1824539272
0.2453248218
0.9074980746
0.1741177848
0.2749666658
0.4674214659
0.7223540671
0.5766209904
0.4420073464
0.1275420356
0.3054180769
-0.0126770218
0.6617663826
0.2752187468
0.6639038920
0.5140482634
0.3440859006
0.1522809576
0.0799455396
0.4139488666
0.6558520518
0.0412286030
0.3795998010
0.4136613286
0.4757347600
0.5639416695
0.3922553850
0.0751323692
0.1843977001
-0.0019334460
0.5196704236
0.9208643525
0.0717857242
0.5671844376
0.7530040072
0.1554998561
0.8190170260
0.4802968138
0.4432252659
0.5811813607
0.4246916485
0.3630911542
0.2249364591
0.6871685644
0.2691240047
0.8403753555
0.3210755464
0.7149620206
0.0603563370
0.1570737025
0.3024685748
0.3228055930
0.0786740777
0.4968902304
0.1290885678
0.1308592920
0.8344190936
0.3744414383
0.2388984143
0.0700059867
0.0609334985
0.6635242404
0.1580700030
0.3589063270
0.6937163320
0.5504401608
-0.0104810840
0.0300687239
0.4021596567
0.1911276128
0.5811915753
0.4451634270
0.4718106550
0.3491049324
0.4820308535
0.4232254826
-0.0126052213
0.1555635585
0.1335018271
0.2546035625
0.5957342978
0.4060088638
0.1894633707
0.4176240678
0.3787749085
0.5972159268
0.0173673383
0.6063066247
0.5886546034
